"","per1","per2"
"196",0.4623,0.4045
