"","per1","per2"
"152",0.3956,0.405
